1 0 1951
2 1951 3080
3 5031 6278
4 11309 952
5 12261 6477
6 18738 900
7 19638 1116
8 20754 780
9 21534 6291
10 27825 2825
11 30650 5045
12 35695 8937
13 44632 7209
14 51841 1783
15 53624 5352
16 58976 3527
17 62503 1473
18 63976 639
19 64615 3211
20 67826 9025
21 76851 2868
22 79719 2212
23 81931 5556
24 87487 1270
25 88757 4391
26 93148 688
27 93836 2505
28 96341 1494
29 97835 1085
30 98920 2462
31 101382 4276
32 105658 2800
33 108458 5392
34 113850 5827
35 119677 4439
36 124116 2747
37 126863 2031
38 128894 1039
39 129933 789
40 130722 2636
41 133358 5727
42 139085 935
43 140020 1753
44 141773 1680
45 143453 7229
46 150682 1188
47 151870 2213
48 154083 2424
49 156507 1388
50 157895 543
51 158438 4991
52 163429 6080
53 169509 11586
54 181095 1199
55 182294 2288
56 184582 993
57 185575 1216
58 186791 2139
59 188930 2723
60 191653 5167
61 196820 2423
62 199243 3015
63 202258 20010
64 222268 2816
65 225084 1582
66 226666 2197
67 228863 1719
68 230582 1396
69 231978 7215
70 239193 4572
71 243765 12549
72 256314 2379
73 258693 1801
74 260494 1415
75 261909 3059
76 264968 1369
77 266337 3853
78 270190 1067
79 271257 1088
80 272345 1288
81 273633 2304
82 275937 1911
83 277848 2306
84 280154 3423
85 283577 203
86 283780 961
87 284741 7053
88 291794 5071
89 296865 6377
90 303242 4409
91 307651 3686
92 311337 2739
93 314076 30553
94 344629 3864
95 348493 4976
96 353469 2805
97 356274 1911
98 358185 4554
99 362739 1224
100 363963 2552
101 366515 465
102 366980 3139
103 370119 2101
104 372220 10106
105 382326 1005
106 383331 1334
107 384665 5126
108 389791 2521
109 392312 6604
110 398916 7761
111 406677 1409
112 408086 1754
113 409840 2227
114 412067 3392
115 415459 1756
116 417215 2087
117 419302 5890
118 425192 2067
119 427259 1425
120 428684 1083
121 429767 3161
122 432928 6297
123 439225 1815
124 441040 2354
125 443394 2571
126 445965 2509
127 448474 3586
128 452060 1267
129 453327 8430
130 461757 3750
131 465507 1380
132 466887 9981
133 476868 4025
134 480893 7132
135 488025 9680
136 497705 3302
137 501007 6389
138 507396 4279
139 511675 4598
140 516273 2925
141 519198 1282
142 520480 3047
143 523527 1939
144 525466 1661
145 527127 1710
146 528837 3335
147 532172 2055
148 534227 2117
149 536344 979
150 537323 1882
151 539205 3932
152 543137 2188
153 545325 5346
154 550671 1736
155 552407 1873
156 554280 2534
157 556814 2178
158 558992 2366
159 561358 2147
160 563505 1777
161 565282 2373
162 567655 5872
163 573527 4885
164 578412 1578
165 579990 13408
166 593398 5217
167 598615 948
168 599563 14050
169 613613 1825
170 615438 1504
171 616942 991
172 617933 1277
173 619210 1747
174 620957 6037
175 626994 2918
176 629912 2945
177 632857 2334
178 635191 1931
179 637122 2762
180 639884 5375
181 645259 14967
182 660226 7187
183 667413 3275
184 670688 3174
185 673862 2536
186 676398 2850
187 679248 1336
188 680584 2285
189 682869 5117
190 687986 1591
191 689577 1285
192 690862 1694
193 692556 1971
194 694527 2054
195 696581 2556
196 699137 2018
197 701155 1480
198 702635 1371
199 704006 1281
200 705287 2464
201 707751 3092
202 710843 5084
203 715927 5458
204 721385 4563
205 725948 5390
206 731338 1815
207 733153 3789
208 736942 6024
209 742966 2422
210 745388 4314
211 749702 939
212 750641 772
213 751413 4068
214 755481 2637
215 758118 2946
216 761064 1233
217 762297 1924
218 764221 2300
219 766521 2674
220 769195 2268
221 771463 1278
222 772741 4654
223 777395 4531
224 781926 3531
225 785457 3093
226 788550 4079
227 792629 4405
228 797034 2757
229 799791 3802
230 803593 2300
231 805893 1723
232 807616 2231
233 809847 20381
234 830228 3243
235 833471 4057
236 837528 1910
237 839438 8645
238 848083 2641
239 850724 5120
240 855844 5208
241 861052 3598
242 864650 4005
243 868655 5762
244 874417 2979
245 877396 5332
246 882728 1711
247 884439 2579
248 887018 5008
249 892026 4764
250 896790 3298
251 900088 5385
252 905473 5465
253 910938 4255
254 915193 2521
255 917714 4386
256 922100 7355
257 929455 184
258 929639 4696
259 934335 169
260 934504 893
261 935397 776
262 936173 2222
263 938395 1720
264 940115 923
265 941038 1823
266 942861 12064
267 954925 4335
268 959260 6702
269 965962 9774
270 975736 1109
271 976845 9635
272 986480 3287
273 989767 1392
274 991159 3434
275 994593 4641
276 999234 5508
277 1004742 2563
278 1007305 3819
279 1011124 3441
280 1014565 5138
281 1019703 5228
282 1024931 1267
283 1026198 9294
284 1035492 3220
285 1038712 577
286 1039289 1525
287 1040814 3280
288 1044094 1862
289 1045956 3245
290 1049201 5049
291 1054250 2045
292 1056295 5776
293 1062071 2293
294 1064364 4194
295 1068558 4885
296 1073443 3741
297 1077184 1620
298 1078804 2685
299 1081489 2670
300 1084159 512
301 1084671 4128
302 1088799 6042
303 1094841 1732
304 1096573 3548
305 1100121 2442
306 1102563 5597
307 1108160 7717
308 1115877 4907
309 1120784 904
310 1121688 1266
311 1122954 1996
312 1124950 4043
313 1128993 3482
314 1132475 582
315 1133057 4028
316 1137085 2874
317 1139959 2775
318 1142734 3372
319 1146106 5429
320 1151535 4479
321 1156014 4927
322 1160941 2662
323 1163603 8828
324 1172431 9323
325 1181754 5421
326 1187175 2001
327 1189176 7216
328 1196392 1938
329 1198330 3667
330 1201997 2488
331 1204485 8122
332 1212607 1276
333 1213883 1836
334 1215719 3011
335 1218730 4393
336 1223123 2012
337 1225135 1187
338 1226322 1189
339 1227511 5127
340 1232638 2746
341 1235384 4005
342 1239389 1116
343 1240505 1979
344 1242484 2116
345 1244600 1308
346 1245908 2855
347 1248763 1557
348 1250320 740
349 1251060 533
350 1251593 863
351 1252456 673
352 1253129 535
353 1253664 463
354 1254127 1340
355 1255467 3509
356 1258976 3710
357 1262686 512
358 1263198 2074
359 1265272 1330
360 1266602 3348
361 1269950 6094
362 1276044 3160
363 1279204 5299
364 1284503 3005
365 1287508 3772
366 1291280 3249
367 1294529 2995
368 1297524 2058
369 1299582 1886
370 1301468 3142
371 1304610 3704
372 1308314 214
373 1308528 1931
374 1310459 2121
375 1312580 3727
376 1316307 3571
377 1319878 10826
378 1330704 9814
379 1340518 2031
380 1342549 3765
381 1346314 3333
382 1349647 4125
383 1353772 1515
384 1355287 1431
385 1356718 2324
386 1359042 1923
387 1360965 3087
388 1364052 2710
389 1366762 2344
390 1369106 5098
391 1374204 7722
392 1381926 5287
393 1387213 10768
394 1397981 1794
395 1399775 7094
396 1406869 3563
397 1410432 463
398 1410895 2457
399 1413352 3026
400 1416378 3865
401 1420243 752
402 1420995 872
403 1421867 5535
404 1427402 1480
405 1428882 2129
406 1431011 2607
407 1433618 3650
408 1437268 3206
409 1440474 2070
410 1442544 4747
411 1447291 9812
412 1457103 581
413 1457684 3143
414 1460827 3401
415 1464228 5296
416 1469524 3750
417 1473274 9794
418 1483068 1601
419 1484669 3065
420 1487734 5548
421 1493282 3645
422 1496927 1955
423 1498882 4375
424 1503257 1362
425 1504619 9411
426 1514030 4460
427 1518490 2569
428 1521059 3557
429 1524616 1641
430 1526257 1455
431 1527712 1491
432 1529203 4691
433 1533894 2847
434 1536741 8335
435 1545076 7619
436 1552695 5279
437 1557974 2982
438 1560956 6999
439 1567955 1163
440 1569118 2790
441 1571908 2562
442 1574470 1934
443 1576404 2303
444 1578707 521
445 1579228 5714
446 1584942 511
447 1585453 2019
448 1587472 6466
449 1593938 5740
450 1599678 2458
451 1602136 3020
452 1605156 8775
453 1613931 3537
454 1617468 3867
455 1621335 3019
456 1624354 8888
457 1633242 3999
458 1637241 3358
459 1640599 3596
460 1644195 1428
461 1645623 4452
462 1650075 1020
463 1651095 1770
464 1652865 5463
465 1658328 2060
466 1660388 1789
467 1662177 15754
468 1677931 5701
469 1683632 2231
470 1685863 2594
471 1688457 5269
472 1693726 3860
473 1697586 13330
474 1710916 3756
475 1714672 1816
476 1716488 3513
477 1720001 6388
478 1726389 2912
479 1729301 522
480 1729823 4649
481 1734472 4513
482 1738985 2695
483 1741680 4695
484 1746375 2119
485 1748494 724
486 1749218 6514
487 1755732 8114
488 1763846 3598
489 1767444 4936
490 1772380 3426
491 1775806 1830
492 1777636 978
493 1778614 1386
494 1780000 1150
495 1781150 2087
496 1783237 1283
497 1784520 1726
498 1786246 1779
499 1788025 2130
500 1790155 1789
501 1791944 7613
502 1799557 18112
503 1817669 3834
504 1821503 4371
505 1825874 3327
506 1829201 3543
507 1832744 10301
508 1843045 4049
509 1847094 1213
510 1848307 874
511 1849181 1475
512 1850656 955
513 1851611 1947
514 1853558 4407
515 1857965 1626
516 1859591 6067
517 1865658 7576
518 1873234 1931
519 1875165 3964
520 1879129 2642
521 1881771 4730
522 1886501 8670
523 1895171 4907
524 1900078 7947
525 1908025 4770
526 1912795 9939
527 1922734 2095
528 1924829 1576
529 1926405 2041
530 1928446 1820
531 1930266 2388
532 1932654 2815
533 1935469 2547
534 1938016 13120
535 1951136 2455
536 1953591 2147
537 1955738 2426
538 1958164 3028
539 1961192 1476
540 1962668 10049
541 1972717 9512
542 1982229 4663
543 1986892 6966
544 1993858 3612
545 1997470 3382
546 2000852 2832
547 2003684 5843
548 2009527 3065
549 2012592 5733
550 2018325 4753
551 2023078 13510
552 2036588 3805
553 2040393 2938
554 2043331 1486
555 2044817 8034
556 2052851 5650
557 2058501 12385
558 2070886 3689
559 2074575 2118
560 2076693 5444
561 2082137 5776
562 2087913 7872
563 2095785 10094
564 2105879 3554
565 2109433 3348
566 2112781 2140
567 2114921 222
568 2115143 3742
569 2118885 1929
570 2120814 1429
571 2122243 7336
572 2129579 1015
573 2130594 938
574 2131532 1547
575 2133079 3222
576 2136301 1818
577 2138119 3980
578 2142099 2132
579 2144231 3977
580 2148208 1375
581 2149583 4884
582 2154467 2590
583 2157057 1731
584 2158788 1962
585 2160750 1471
586 2162221 6212
587 2168433 3527
588 2171960 6689
589 2178649 9887
590 2188536 2171
591 2190707 3662
592 2194369 2322
593 2196691 3695
594 2200386 2931
595 2203317 3725
596 2207042 1620
597 2208662 10092
598 2218754 2140
599 2220894 4950
600 2225844 2386
601 2228230 1513
602 2229743 7748
603 2237491 6601
604 2244092 4359
605 2248451 9346
606 2257797 6245
607 2264042 5659
608 2269701 2817
609 2272518 5583
610 2278101 10368
611 2288469 4295
612 2292764 5875
613 2298639 4621
614 2303260 2245
615 2305505 3352
616 2308857 8851
617 2317708 1803
618 2319511 5709
619 2325220 4027
620 2329247 4030
621 2333277 2608
622 2335885 358
623 2336243 1856
624 2338099 7337
625 2345436 4417
626 2349853 2431
627 2352284 1728
628 2354012 3043
629 2357055 3455
630 2360510 2738
631 2363248 5048
632 2368296 1176
633 2369472 1155
634 2370627 3066
635 2373693 7450
636 2381143 7457
637 2388600 1163
638 2389763 5896
639 2395659 1664
640 2397323 2302
641 2399625 4666
642 2404291 1700
643 2405991 3286
644 2409277 1893
645 2411170 1157
646 2412327 2579
647 2414906 663
648 2415569 2745
649 2418314 5057
650 2423371 195
651 2423566 1616
652 2425182 2771
653 2427953 4130
654 2432083 1227
655 2433310 1095
656 2434405 1580
657 2435985 1167
658 2437152 1632
659 2438784 819
660 2439603 871
661 2440474 3705
662 2444179 824
663 2445003 3059
664 2448062 7796
665 2455858 2511
666 2458369 1483
667 2459852 3099
668 2462951 1143
669 2464094 2644
670 2466738 2319
671 2469057 1331
672 2470388 1023
673 2471411 3621
674 2475032 2993
675 2478025 1436
676 2479461 8208
677 2487669 1443
678 2489112 2017
679 2491129 940
680 2492069 1635
681 2493704 1600
682 2495304 898
683 2496202 2388
684 2498590 9397
685 2507987 3861
686 2511848 394
687 2512242 416
688 2512658 427
689 2513085 472
690 2513557 446
691 2514003 449
692 2514452 476
693 2514928 514
694 2515442 462
695 2515904 492
696 2516396 462
697 2516858 460
698 2517318 475
699 2517793 443
700 2518236 512
701 2518748 207
702 2518955 169
703 2519124 196
704 2519320 169
705 2519489 3963
706 2523452 5161
707 2528613 9010
708 2537623 6403
709 2544026 7327
710 2551353 16865
711 2568218 182
712 2568400 12248
713 2580648 6697
714 2587345 12017
715 2599362 223
716 2599585 169
717 2599754 3835
718 2603589 163
719 2603752 32593
720 2636345 2305
721 2638650 2184
722 2640834 3924
723 2644758 2948
724 2647706 2099
725 2649805 3621
726 2653426 2344
727 2655770 5956
728 2661726 8182
729 2669908 183
730 2670091 5398
731 2675489 4995
732 2680484 6701
733 2687185 172
734 2687357 14305
735 2701662 211
736 2701873 6752
737 2708625 212
738 2708837 9145
739 2717982 335
740 2718317 184
741 2718501 11193
742 2729694 6532
743 2736226 15878
744 2752104 4109
745 2756213 5411
746 2761624 3357
747 2764981 4154
748 2769135 3906
749 2773041 6570
750 2779611 3805
751 2783416 5444
752 2788860 3361
753 2792221 4432
754 2796653 209
755 2796862 2589
756 2799451 8149
757 2807600 3957
758 2811557 5405
759 2816962 6471
760 2823433 7309
761 2830742 22499
762 2853241 212
763 2853453 6717
764 2860170 201
765 2860371 5336
766 2865707 4888
767 2870595 6726
768 2877321 218
769 2877539 9150
770 2886689 171
771 2886860 11077
772 2897937 171
773 2898108 187
774 2898295 181
775 2898476 3590
776 2902066 4603
777 2906669 6412
778 2913081 6978
779 2920059 15621
780 2935680 212
781 2935892 200
782 2936092 278
783 2936370 295
784 2936665 183
785 2936848 5276
786 2942124 5015
787 2947139 209
788 2947348 273
789 2947621 295
790 2947916 1697
791 2949613 171
792 2949784 259
793 2950043 6700
794 2956743 191
795 2956934 9213
796 2966147 233
797 2966380 52976
798 3019356 10174
799 3029530 5304
800 3034834 8578
801 3043412 7294
802 3050706 6239
803 3056945 180
804 3057125 12589
805 3069714 6703
806 3076417 211
807 3076628 192
808 3076820 4997
809 3081817 4686
810 3086503 6567
811 3093070 202
812 3093272 6551
813 3099823 185
814 3100008 188
815 3100196 11236
816 3111432 6547
817 3117979 5216
818 3123195 6426
819 3129621 3825
820 3133446 6154
821 3139600 4825
822 3144425 6742
823 3151167 4080
824 3155247 8040
825 3163287 4894
826 3168181 4405
827 3172586 16169
828 3188755 197
829 3188952 2946
830 3191898 7495
831 3199393 3624
832 3203017 4845
833 3207862 9767
834 3217629 6785
835 3224414 7666
836 3232080 23436
837 3255516 184
838 3255700 12181
839 3267881 190
840 3268071 4991
841 3273062 4500
842 3277562 3213
843 3280775 6553
844 3287328 3354
845 3290682 2808
846 3293490 3431
847 3296921 213
848 3297134 9295
849 3306429 14408
850 3320837 169
851 3321006 11283
852 3332289 6546
853 3338835 13638
854 3352473 13912
855 3366385 170
856 3366555 4572
857 3371127 208
858 3371335 181
859 3371516 187
860 3371703 181
861 3371884 3540
862 3375424 4692
863 3380116 9350
864 3389466 6787
865 3396253 7681
866 3403934 16137
867 3420071 183
868 3420254 12191
869 3432445 170
870 3432615 5020
871 3437635 184
872 3437819 5008
873 3442827 4529
874 3447356 6537
875 3453893 213
876 3454106 9033
877 3463139 181
878 3463320 11243
879 3474563 6539
880 3481102 208
881 3481310 181
882 3481491 163
883 3481654 181
884 3481835 3596
885 3485431 4687
886 3490118 9331
887 3499449 6789
888 3506238 7668
889 3513906 16368
890 3530274 183
891 3530457 12221
892 3542678 6543
893 3549221 205
894 3549426 5108
895 3554534 4587
896 3559121 6546
897 3565667 273
898 3565940 9076
899 3575016 170
900 3575186 15244
901 3590430 209
902 3590639 6530
903 3597169 163
904 3597332 11221
905 3608553 6523
906 3615076 184
907 3615260 202
908 3615462 184
909 3615646 196
910 3615842 184
911 3616026 178
912 3616204 184
913 3616388 181
914 3616569 196
915 3616765 190
916 3616955 182
917 3617137 12271
918 3629408 212
919 3629620 3080
920 3632700 7595
921 3640295 3498
922 3643793 4845
923 3648638 9339
924 3657977 6765
925 3664742 7666
926 3672408 22455
927 3694863 180
928 3695043 5103
929 3700146 4580
930 3704726 6544
931 3711270 212
932 3711482 8875
933 3720357 11600
934 3731957 190
935 3732147 184
936 3732331 164
937 3732495 11248
938 3743743 6537
939 3750280 191
940 3750471 163
941 3750634 181
942 3750815 207
943 3751022 3486
944 3754508 4751
945 3759259 9326
946 3768585 6764
947 3775349 7639
948 3782988 16845
949 3799833 176
950 3800009 6526
951 3806535 195
952 3806730 5137
953 3811867 4507
954 3816374 221
955 3816595 8981
956 3825576 202
957 3825778 8347
958 3834125 170
959 3834295 11268
960 3845563 168
961 3845731 2702
962 3848433 188
963 3848621 175
964 3848796 157
965 3848953 3504
966 3852457 4890
967 3857347 9335
968 3866682 6741
969 3873423 7643
970 3881066 16365
971 3897431 182
972 3897613 8951
973 3906564 222
974 3906786 201
975 3906987 5122
976 3912109 4579
977 3916688 193
978 3916881 184
979 3917065 180
980 3917245 15903
981 3933148 209
982 3933357 6535
983 3939892 230
984 3940122 9093
985 3949215 184
986 3949399 203
987 3949602 6521
988 3956123 5740
989 3961863 6106
990 3967969 3783
991 3971752 7509
992 3979261 4534
993 3983795 4358
994 3988153 3478
995 3991631 7234
996 3998865 4929
997 4003794 4934
998 4008728 209
999 4008937 3088
1000 4012025 7559
1001 4019584 3695
1002 4023279 5085
1003 4028364 9331
1004 4037695 6774
1005 4044469 7692
1006 4052161 23376
1007 4075537 171
1008 4075708 187
1009 4075895 4428
1010 4080323 6537
1011 4086860 186
1012 4087046 5376
1013 4092422 190
1014 4092612 5092
1015 4097704 4532
1016 4102236 3506
1017 4105742 6537
1018 4112279 213
1019 4112492 8973
1020 4121465 171
1021 4121636 6545
1022 4128181 232
1023 4128413 158
1024 4128571 221
1025 4128792 158
1026 4128950 3439
1027 4132389 4920
1028 4137309 9363
1029 4146672 6814
1030 4153486 7669
1031 4161155 16884
1032 4178039 183
1033 4178222 6531
1034 4184753 189
1035 4184942 196
1036 4185138 5190
1037 4190328 4657
1038 4194985 6541
1039 4201526 250
1040 4201776 173
1041 4201949 176
1042 4202125 201
1043 4202326 8827
1044 4211153 171
1045 4211324 6549
1046 4217873 218
1047 4218091 225
1048 4218316 4105
1049 4222421 158
1050 4222579 185
1051 4222764 165
1052 4222929 195
1053 4223124 5801
1054 4228925 5498
1055 4234423 10336
1056 4244759 3401
1057 4248160 4906
1058 4253066 9369
1059 4262435 6850
1060 4269285 7662
1061 4276947 16082
1062 4293029 6784
1063 4299813 184
1064 4299997 5168
1065 4305165 4600
1066 4309765 6803
1067 4316568 242
1068 4316810 17000
1069 4333810 13529
1070 4347339 194
1071 4347533 3180
1072 4350713 234
1073 4350947 6219
1074 4357166 213
1075 4357379 9138
1076 4366517 171
1077 4366688 179
1078 4366867 6777
1079 4373644 182
1080 4373826 5622
1081 4379448 4244
1082 4383692 3236
1083 4386928 5894
1084 4392822 4663
1085 4397485 4190
1086 4401675 3837
1087 4405512 5341
1088 4410853 4612
1089 4415465 5641
1090 4421106 210
1091 4421316 2604
1092 4423920 3164
1093 4427084 5134
1094 4432218 9381
1095 4441599 6874
1096 4448473 7811
1097 4456284 21528
1098 4477812 184
1099 4477996 6806
1100 4484802 184
1101 4484986 5126
1102 4490112 4455
1103 4494567 6816
1104 4501383 234
1105 4501617 232
1106 4501849 9386
1107 4511235 190
1108 4511425 6801
1109 4518226 14980
1110 4533206 206
1111 4533412 209
1112 4533621 221
1113 4533842 215
1114 4534057 2397
1115 4536454 4260
1116 4540714 8567
1117 4549281 6165
1118 4555446 7207
1119 4562653 15333
1120 4577986 190
1121 4578176 6792
1122 4584968 2906
1123 4587874 199
1124 4588073 4992
1125 4593065 4605
1126 4597670 6771
1127 4604441 200
1128 4604641 183
1129 4604824 259
1130 4605083 9167
1131 4614250 204
1132 4614454 54871
1133 4669325 6754
1134 4676079 196
1135 4676275 222
1136 4676497 5455
1137 4681952 6792
1138 4688744 178
1139 4688922 4589
1140 4693511 4345
1141 4697856 6789
1142 4704645 192
1143 4704837 12518
1144 4717355 229
1145 4717584 9423
1146 4727007 184
1147 4727191 3370
1148 4730561 6756
1149 4737317 188
1150 4737505 194
1151 4737699 182
1152 4737881 227
1153 4738108 3042
1154 4741150 6671
1155 4747821 3230
1156 4751051 4682
1157 4755733 5553
1158 4761286 7410
1159 4768696 7699
1160 4776395 5291
1161 4781686 7282
1162 4788968 4305
1163 4793273 3423
1164 4796696 4344
1165 4801040 7355
1166 4808395 1290
1167 4809685 1066
1168 4810751 9011
1169 4819762 11135
1170 4830897 9158
1171 4840055 15878
1172 4855933 8641
1173 4864574 8334
1174 4872908 7249
1175 4880157 11156
1176 4891313 19413
1177 4910726 13497
1178 4924223 5452
1179 4929675 487
1180 4930162 819
1181 4930981 3186
1182 4934167 7319
1183 4941486 534
1184 4942020 1526
1185 4943546 3452
1186 4946998 2083
1187 4949081 9112
1188 4958193 7983
1189 4966176 8516
1190 4974692 4618
1191 4979310 2674
1192 4981984 4070
1193 4986054 5059
1194 4991113 7107
1195 4998220 3394
1196 5001614 2823
1197 5004437 666
1198 5005103 1045
1199 5006148 1627
1200 5007775 6623
1201 5014398 1339
1202 5015737 11366
1203 5027103 6307
1204 5033410 4399
1205 5037809 25164
1206 5062973 3733
1207 5066706 5069
1208 5071775 8343
1209 5080118 9727
1210 5089845 4544
1211 5094389 6233
1212 5100622 9561
1213 5110183 12704
1214 5122887 4649
1215 5127536 10893
1216 5138429 6237
1217 5144666 5092
1218 5149758 1743
1219 5151501 3801
1220 5155302 4754
1221 5160056 3697
1222 5163753 10664
1223 5174417 9831
1224 5184248 6763
1225 5191011 6029
1226 5197040 6537
1227 5203577 5765
1228 5209342 4060
1229 5213402 3828
1230 5217230 3467
1231 5220697 3794
1232 5224491 3277
1233 5227768 12183
1234 5239951 12684
1235 5252635 4216
1236 5256851 2805
1237 5259656 5552
1238 5265208 15807
1239 5281015 4262
1240 5285277 714
1241 5285991 1196
1242 5287187 4376
1243 5291563 4355
1244 5295918 2049
1245 5297967 12943
1246 5310910 6635
1247 5317545 8774
1248 5326319 7691
1249 5334010 10649
1250 5344659 213
1251 5344872 6953
1252 5351825 8921
1253 5360746 2331
1254 5363077 8111
1255 5371188 8248
1256 5379436 3884
1257 5383320 5718
1258 5389038 10210
1259 5399248 2507
1260 5401755 13174
1261 5414929 4655
1262 5419584 520
1263 5420104 1509
1264 5421613 3023
1265 5424636 3270
1266 5427906 3673
1267 5431579 6246
1268 5437825 1458
1269 5439283 2672
1270 5441955 2064
1271 5444019 3056
1272 5447075 1581
1273 5448656 8406
1274 5457062 3419
1275 5460481 3329
1276 5463810 1337
1277 5465147 7822
1278 5472969 8050
1279 5481019 8437
1280 5489456 5583
1281 5495039 7183
1282 5502222 6997
1283 5509219 1765
1284 5510984 6327
1285 5517311 8765
1286 5526076 3763
1287 5529839 4530
1288 5534369 2706
1289 5537075 2346
1290 5539421 3786
1291 5543207 4728
1292 5547935 4184
1293 5552119 3190
1294 5555309 6926
1295 5562235 8328
1296 5570563 8325
1297 5578888 2745
1298 5581633 593
1299 5582226 4144
1300 5586370 7982
1301 5594352 8262
1302 5602614 5290
1303 5607904 2367
1304 5610271 7568
1305 5617839 6466
1306 5624305 3367
1307 5627672 2807
1308 5630479 1034
1309 5631513 2995
1310 5634508 10341
1311 5644849 7436
1312 5652285 7497
1313 5659782 1006
1314 5660788 2904
1315 5663692 1747
1316 5665439 7980
1317 5673419 6906
1318 5680325 3997
1319 5684322 9420
1320 5693742 9509
1321 5703251 2635
1322 5705886 3721
1323 5709607 5583
1324 5715190 14547
1325 5729737 2998
1326 5732735 4438
1327 5737173 7740
1328 5744913 6342
1329 5751255 2454
1330 5753709 3835
1331 5757544 3786
1332 5761330 1812
1333 5763142 3333
1334 5766475 4937
1335 5771412 2181
1336 5773593 1322
1337 5774915 3906
1338 5778821 954
1339 5779775 3468
1340 5783243 3278
1341 5786521 3597
1342 5790118 3211
1343 5793329 2417
1344 5795746 951
1345 5796697 1211
1346 5797908 7954
1347 5805862 6810
1348 5812672 4409
1349 5817081 7151
1350 5824232 978
1351 5825210 3257
1352 5828467 8918
1353 5837385 2115
1354 5839500 6181
1355 5845681 6189
1356 5851870 1101
1357 5852971 769
1358 5853740 6596
1359 5860336 3522
1360 5863858 2621
1361 5866479 988
1362 5867467 3175
1363 5870642 3678
1364 5874320 4134
1365 5878454 3540
1366 5881994 14428
1367 5896422 2979
1368 5899401 4723
1369 5904124 2612
1370 5906736 2710
1371 5909446 3561
1372 5913007 3461
1373 5916468 19560
1374 5936028 3961
1375 5939989 1233
1376 5941222 4123
1377 5945345 3617
1378 5948962 5266
1379 5954228 4246
1380 5958474 3728
1381 5962202 4278
1382 5966480 3011
1383 5969491 1646
1384 5971137 4287
1385 5975424 3698
1386 5979122 3147
1387 5982269 3983
1388 5986252 4138
1389 5990390 3535
1390 5993925 3587
1391 5997512 3798
1392 6001310 3989
1393 6005299 3463
1394 6008762 4254
1395 6013016 10359
1396 6023375 3731
1397 6027106 4650
1398 6031756 3441
1399 6035197 3971
1400 6039168 4732
1401 6043900 4129
1402 6048029 3889
1403 6051918 3434
1404 6055352 2789
1405 6058141 3082
1406 6061223 3122
1407 6064345 4049
1408 6068394 3209
1409 6071603 19194
1410 6090797 4304
1411 6095101 3317
1412 6098418 1527
1413 6099945 3444
1414 6103389 3506
1415 6106895 19395
1416 6126290 4641
1417 6130931 1484
1418 6132415 3369
1419 6135784 4759
1420 6140543 4084
1421 6144627 3292
1422 6147919 1206
1423 6149125 3402
1424 6152527 5395
1425 6157922 3724
1426 6161646 4943
1427 6166589 3100
1428 6169689 3274
1429 6172963 3628
1430 6176591 3718
1431 6180309 3474
1432 6183783 2723
1433 6186506 3220
1434 6189726 3638
1435 6193364 3077
1436 6196441 3534
1437 6199975 18793
1438 6218768 4398
1439 6223166 3725
1440 6226891 3540
1441 6230431 1560
1442 6231991 4271
1443 6236262 1212
1444 6237474 906
1445 6238380 2882
1446 6241262 3981
1447 6245243 3411
1448 6248654 2804
1449 6251458 3520
1450 6254978 2602
1451 6257580 1091
1452 6258671 4164
1453 6262835 19584
1454 6282419 3745
1455 6286164 4764
1456 6290928 3293
1457 6294221 4675
1458 6298896 3240
1459 6302136 3165
1460 6305301 3581
1461 6308882 3655
1462 6312537 1994
1463 6314531 3213
1464 6317744 2848
1465 6320592 7330
1466 6327922 394
1467 6328316 490
1468 6328806 10836
1469 6339642 4380
1470 6344022 3643
1471 6347665 8772
1472 6356437 3359
1473 6359796 2047
1474 6361843 1996
1475 6363839 7004
1476 6370843 6248
1477 6377091 3681
1478 6380772 2240
1479 6383012 14528
1480 6397540 6394
1481 6403934 1324
1482 6405258 1972
1483 6407230 2897
1484 6410127 2581
1485 6412708 2129
1486 6414837 1562
1487 6416399 741
1488 6417140 1349
1489 6418489 737
1490 6419226 386
1491 6419612 3923
1492 6423535 2967
1493 6426502 4082
1494 6430584 7333
1495 6437917 5283
1496 6443200 1322
1497 6444522 1130
1498 6445652 912
1499 6446564 1835
1500 6448399 2368
1501 6450767 5361
1502 6456128 2444
1503 6458572 7887
1504 6466459 2385
1505 6468844 915
1506 6469759 845
1507 6470604 1632
1508 6472236 2237
1509 6474473 7151
1510 6481624 1633
1511 6483257 4656
1512 6487913 2422
1513 6490335 3556
1514 6493891 2675
1515 6496566 6905
1516 6503471 2302
1517 6505773 3005
1518 6508778 4577
1519 6513355 2523
1520 6515878 2876
1521 6518754 1908
1522 6520662 1250
1523 6521912 4720
1524 6526632 1611
1525 6528243 964
1526 6529207 1598
1527 6530805 1777
1528 6532582 4530
1529 6537112 1673
1530 6538785 2640
1531 6541425 9105
1532 6550530 1861
1533 6552391 2589
1534 6554980 3537
1535 6558517 6125
1536 6564642 3367
1537 6568009 2953
1538 6570962 7839
1539 6578801 1735
1540 6580536 2202
1541 6582738 1647
1542 6584385 963
1543 6585348 2387
1544 6587735 1638
1545 6589373 1731
1546 6591104 14786
1547 6605890 7185
1548 6613075 3133
1549 6616208 1679
1550 6617887 1411
1551 6619298 7654
1552 6626952 1960
1553 6628912 2115
1554 6631027 1760
1555 6632787 1680
1556 6634467 2078
1557 6636545 1142
1558 6637687 5010
1559 6642697 9514
1560 6652211 1644
1561 6653855 617
1562 6654472 602
1563 6655074 2869
1564 6657943 1829
1565 6659772 2267
1566 6662039 3056
1567 6665095 2882
1568 6667977 2934
1569 6670911 2947
1570 6673858 2384
1571 6676242 2426
1572 6678668 2472
1573 6681140 855
1574 6681995 1591
1575 6683586 5722
1576 6689308 2511
1577 6691819 1275
1578 6693094 2039
1579 6695133 1562
1580 6696695 2876
1581 6699571 5664
1582 6705235 1159
1583 6706394 2773
1584 6709167 1802
1585 6710969 1201
1586 6712170 1079
1587 6713249 1730
1588 6714979 5952
1589 6720931 1767
1590 6722698 3386
1591 6726084 1539
1592 6727623 588
1593 6728211 2656
1594 6730867 869
1595 6731736 5602
1596 6737338 5097
1597 6742435 1559
1598 6743994 734
1599 6744728 763
1600 6745491 2431
1601 6747922 5673
1602 6753595 3605
1603 6757200 3575
1604 6760775 3533
1605 6764308 3628
1606 6767936 3682
1607 6771618 3710
1608 6775328 3731
1609 6779059 3680
1610 6782739 3698
1611 6786437 3617
1612 6790054 3674
1613 6793728 3662
1614 6797390 3556
1615 6800946 620
1616 6801566 5763
1617 6807329 574
1618 6807903 2805
1619 6810708 2792
1620 6813500 1049
1621 6814549 1240
1622 6815789 7365
1623 6823154 1433
1624 6824587 2233
1625 6826820 2078
1626 6828898 1415
1627 6830313 890
1628 6831203 1660
1629 6832863 2573
1630 6835436 1908
1631 6837344 16550
1632 6853894 1520
1633 6855414 4760
1634 6860174 2106
1635 6862280 2739
1636 6865019 6067
1637 6871086 537
1638 6871623 4020
1639 6875643 2009
1640 6877652 1195
1641 6878847 4596
1642 6883443 847
1643 6884290 2113
1644 6886403 1888
1645 6888291 4126
1646 6892417 4669
1647 6897086 8986
1648 6906072 3999
1649 6910071 2649
1650 6912720 838
1651 6913558 803
1652 6914361 881
1653 6915242 1017
1654 6916259 717
1655 6916976 3176
1656 6920152 722
1657 6920874 6132
1658 6927006 6259
1659 6933265 5686
1660 6938951 10371
1661 6949322 1424
1662 6950746 2033
1663 6952779 9341
1664 6962120 4162
1665 6966282 6325
1666 6972607 2924
1667 6975531 6038
1668 6981569 6013
1669 6987582 1654
1670 6989236 6387
1671 6995623 3152
1672 6998775 6561
1673 7005336 8795
1674 7014131 1271
1675 7015402 2860
1676 7018262 1669
1677 7019931 5845
1678 7025776 6638
1679 7032414 6158
1680 7038572 6182
1681 7044754 9424
1682 7054178 9440
1683 7063618 1130
1684 7064748 686
1685 7065434 1108
1686 7066542 3740
1687 7070282 635
1688 7070917 5497
1689 7076414 1344
1690 7077758 2776
1691 7080534 2309
1692 7082843 5297
1693 7088140 12077
1694 7100217 2470
1695 7102687 25530
1696 7128217 3654
1697 7131871 3954
1698 7135825 12296
1699 7148121 4191
1700 7152312 3840
1701 7156152 14523
1702 7170675 12139
1703 7182814 3613
1704 7186427 1481
1705 7187908 8864
1706 7196772 1706
1707 7198478 650
1708 7199128 3139
1709 7202267 2742
1710 7205009 5643
1711 7210652 9385
1712 7220037 3961
1713 7223998 1072
1714 7225070 1641
1715 7226711 5432
1716 7232143 4535
1717 7236678 4434
1718 7241112 4332
1719 7245444 1826
1720 7247270 4319
1721 7251589 3607
1722 7255196 6096
1723 7261292 4153
1724 7265445 1095
1725 7266540 726
1726 7267266 8680
1727 7275946 3861
1728 7279807 6788
1729 7286595 1467
1730 7288062 2457
1731 7290519 1077
1732 7291596 995
1733 7292591 985
1734 7293576 5298
1735 7298874 10742
1736 7309616 735
1737 7310351 655
1738 7311006 3952
1739 7314958 9796
1740 7324754 1202
1741 7325956 3054
1742 7329010 758
1743 7329768 530
1744 7330298 605
1745 7330903 970
1746 7331873 703
1747 7332576 1698
1748 7334274 12165
1749 7346439 4264
1750 7350703 11070
1751 7361773 3561
1752 7365334 184
1753 7365518 184
1754 7365702 205
1755 7365907 196
1756 7366103 169
1757 7366272 210
1758 7366482 209
1759 7366691 208
1760 7366899 207
1761 7367106 211
1762 7367317 202
1763 7367519 184
1764 7367703 167
1765 7367870 172
1766 7368042 194
1767 7368236 191
1768 7368427 213
1769 7368640 188
1770 7368828 169
1771 7368997 175
1772 7369172 190
1773 7369362 184
1774 7369546 204
1775 7369750 204
1776 7369954 208
1777 7370162 205
1778 7370367 169
1779 7370536 197
1780 7370733 208
1781 7370941 191
1782 7371132 208
1783 7371340 184
1784 7371524 203
1785 7371727 208
1786 7371935 205
1787 7372140 211
1788 7372351 188
1789 7372539 214
1790 7372753 207
1791 7372960 210
1792 7373170 211
1793 7373381 205
1794 7373586 202
1795 7373788 197
1796 7373985 190
1797 7374175 175
1798 7374350 210
1799 7374560 202
1800 7374762 178
1801 7374940 163
1802 7375103 2635
1803 7377738 2685
1804 7380423 1885
1805 7382308 1341
1806 7383649 6991
1807 7390640 1513
1808 7392153 1016
1809 7393169 1016
1810 7394185 1016
1811 7395201 1016
1812 7396217 1016
1813 7397233 1016
1814 7398249 1016
1815 7399265 1016
1816 7400281 1016
1817 7401297 1109
1818 7402406 8034
1819 7410440 5508
1820 7415948 1287
1821 7417235 1962
1822 7419197 4634
1823 7423831 6740
1824 7430571 7919
1825 7438490 3672
1826 7442162 1192
1827 7443354 8774
1828 7452128 5861
1829 7457989 2058
1830 7460047 4422
1831 7464469 1925
1832 7466394 2392
1833 7468786 1243
1834 7470029 2896
1835 7472925 2152
1836 7475077 3006
1837 7478083 909
1838 7478992 3721
1839 7482713 2545
1840 7485258 1486
1841 7486744 3392
1842 7490136 1627
1843 7491763 6235
1844 7497998 2425
1845 7500423 2103
1846 7502526 4942
1847 7507468 8514
1848 7515982 5084
1849 7521066 1053
1850 7522119 1434
1851 7523553 2437
1852 7525990 2313
1853 7528303 1787
1854 7530090 3484
1855 7533574 3901
1856 7537475 3642
1857 7541117 435
1858 7541552 13063
1859 7554615 9468
1860 7564083 2412
1861 7566495 2051
1862 7568546 2373
1863 7570919 2651
1864 7573570 6213
1865 7579783 7824
1866 7587607 5028
1867 7592635 5761
1868 7598396 4446
1869 7602842 2463
1870 7605305 2443
1871 7607748 7220
1872 7614968 5298
1873 7620266 1771
1874 7622037 1888
1875 7623925 515
1876 7624440 482
1877 7624922 598
1878 7625520 2570
1879 7628090 2505
1880 7630595 1917
1881 7632512 5665
1882 7638177 1991
1883 7640168 3762
1884 7643930 2334
1885 7646264 1571
1886 7647835 3000
1887 7650835 1770
1888 7652605 8121
1889 7660726 1695
1890 7662421 2650
1891 7665071 702
1892 7665773 5854
1893 7671627 3224
1894 7674851 8755
1895 7683606 3971
1896 7687577 1966
1897 7689543 3312
1898 7692855 7345
1899 7700200 2554
1900 7702754 2649
1901 7705403 9351
1902 7714754 18712
1903 7733466 3061
1904 7736527 2716
1905 7739243 5239
1906 7744482 2214
1907 7746696 4189
1908 7750885 6372
1909 7757257 935
1910 7758192 4808
1911 7763000 8075
1912 7771075 5253
1913 7776328 6443
1914 7782771 905
1915 7783676 3689
1916 7787365 2874
1917 7790239 3497
1918 7793736 2508
1919 7796244 3613
1920 7799857 4619
1921 7804476 9335
1922 7813811 9303
1923 7823114 11479
1924 7834593 2133
1925 7836726 4677
1926 7841403 2693
1927 7844096 1643
1928 7845739 5675
1929 7851414 2003
1930 7853417 1905
1931 7855322 8044
1932 7863366 8575
1933 7871941 2701
1934 7874642 4355
1935 7878997 3064
1936 7882061 1901
1937 7883962 10356
1938 7894318 6195
1939 7900513 4645
1940 7905158 5276
1941 7910434 1272
1942 7911706 1838
1943 7913544 3541
1944 7917085 203
1945 7917288 3684
1946 7920972 2514
1947 7923486 7464
1948 7930950 6794
1949 7937744 6273
1950 7944017 8517
1951 7952534 3088
1952 7955622 2808
1953 7958430 1830
1954 7960260 6866
1955 7967126 3357
1956 7970483 2648
1957 7973131 1132
1958 7974263 11534
1959 7985797 10790
1960 7996587 9800
1961 8006387 6867
1962 8013254 8571
1963 8021825 2218
1964 8024043 482
1965 8024525 2694
1966 8027219 586
1967 8027805 6239
1968 8034044 4271
1969 8038315 2259
1970 8040574 8891
1971 8049465 6323
1972 8055788 1539
1973 8057327 7216
1974 8064543 2732
1975 8067275 7646
1976 8074921 4391
1977 8079312 2866
1978 8082178 6172
1979 8088350 9213
1980 8097563 2798
1981 8100361 4266
1982 8104627 3869
1983 8108496 1700
1984 8110196 6360
1985 8116556 5284
1986 8121840 5075
1987 8126915 7821
1988 8134736 1833
1989 8136569 2790
1990 8139359 1068
1991 8140427 1286
1992 8141713 6054
1993 8147767 8825
1994 8156592 11110
1995 8167702 2013
1996 8169715 6290
1997 8176005 5420
1998 8181425 7545
1999 8188970 199
2000 8189169 234
2001 8189403 258
2002 8189661 187
2003 8189848 220
2004 8190068 198
2005 8190266 243
2006 8190509 5730
2007 8196239 1184
2008 8197423 4860
2009 8202283 9640
2010 8211923 5357
2011 8217280 2906
2012 8220186 1971
2013 8222157 2302
2014 8224459 1803
2015 8226262 1397
2016 8227659 1481
2017 8229140 1616
2018 8230756 3434
2019 8234190 2530
2020 8236720 15152
2021 8251872 7909
2022 8259781 6108
2023 8265889 2515
2024 8268404 2718
2025 8271122 1377
2026 8272499 185
2027 8272684 4773
2028 8277457 1396
2029 8278853 1690
2030 8280543 1823
2031 8282366 2812
2032 8285178 8102
2033 8293280 7471
2034 8300751 3482
2035 8304233 9660
2036 8313893 1624
2037 8315517 933
2038 8316450 3727
2039 8320177 1013
2040 8321190 14922
2041 8336112 6434
2042 8342546 3466
2043 8346012 3476
2044 8349488 1195
2045 8350683 4774
2046 8355457 743
2047 8356200 482
2048 8356682 7633
2049 8364315 2816
2050 8367131 2694
2051 8369825 1194
2052 8371019 974
2053 8371993 244
2054 8372237 252
2055 8372489 11212
2056 8383701 4964
2057 8388665 5713
2058 8394378 1708
2059 8396086 831
2060 8396917 22005
2061 8418922 1451
2062 8420373 6451
2063 8426824 6289
2064 8433113 782
2065 8433895 1063
2066 8434958 2889
2067 8437847 4394
2068 8442241 9495
2069 8451736 2170
2070 8453906 3157
2071 8457063 2102
2072 8459165 2278
2073 8461443 26746
2074 8488189 1872
2075 8490061 1752
2076 8491813 5212
2077 8497025 5434
2078 8502459 2494
2079 8504953 3395
2080 8508348 4702
2081 8513050 3689
2082 8516739 3366
2083 8520105 15080
2084 8535185 4072
2085 8539257 3505
2086 8542762 9939
2087 8552701 1634
2088 8554335 1463
2089 8555798 5765
2090 8561563 10704
2091 8572267 4858
2092 8577125 3780
2093 8580905 2169
2094 8583074 1242
2095 8584316 642
2096 8584958 1512
2097 8586470 4527
2098 8590997 2709
2099 8593706 1917
2100 8595623 8547
2101 8604170 6110
2102 8610280 5091
2103 8615371 1931
2104 8617302 6426
2105 8623728 2934
2106 8626662 2888
2107 8629550 7333
2108 8636883 1661
2109 8638544 1926
2110 8640470 2586
2111 8643056 1665
2112 8644721 1566
2113 8646287 10501
2114 8656788 7419
2115 8664207 3285
2116 8667492 2971
2117 8670463 1901
2118 8672364 5508
2119 8677872 8008
2120 8685880 3140
2121 8689020 482
2122 8689502 3605
2123 8693107 4944
2124 8698051 6761
2125 8704812 899
2126 8705711 2316
2127 8708027 4232
2128 8712259 3500
2129 8715759 2853
2130 8718612 5459
2131 8724071 4990
2132 8729061 7159
2133 8736220 1126
2134 8737346 3881
2135 8741227 1330
2136 8742557 3251
2137 8745808 4340
2138 8750148 4772
2139 8754920 2310
2140 8757230 5884
2141 8763114 2260
2142 8765374 1715
2143 8767089 14735
2144 8781824 5279
2145 8787103 1340
2146 8788443 5487
2147 8793930 1397
2148 8795327 6446
2149 8801773 4575
2150 8806348 4511
2151 8810859 9523
2152 8820382 1728
2153 8822110 3418
2154 8825528 15116
2155 8840644 3862
2156 8844506 7723
2157 8852229 13356
2158 8865585 3740
2159 8869325 13685
2160 8883010 8265
2161 8891275 4163
2162 8895438 12717
2163 8908155 4403
2164 8912558 2310
2165 8914868 2416
2166 8917284 644
2167 8917928 1276
2168 8919204 9705
2169 8928909 21558
2170 8950467 867
2171 8951334 3453
2172 8954787 1390
2173 8956177 1035
2174 8957212 5558
2175 8962770 1204
2176 8963974 861
2177 8964835 10508
2178 8975343 1318
2179 8976661 17053
2180 8993714 9249
2181 9002963 2764
2182 9005727 1280
2183 9007007 4466
2184 9011473 5817
2185 9017290 996
2186 9018286 731
2187 9019017 2289
2188 9021306 7923
2189 9029229 3241
2190 9032470 1798
2191 9034268 498
2192 9034766 1493
2193 9036259 2260
2194 9038519 5717
2195 9044236 1281
2196 9045517 3082
2197 9048599 1202
2198 9049801 1276
2199 9051077 1050
2200 9052127 5404
2201 9057531 911
2202 9058442 4260
2203 9062702 323
2204 9063025 8631
2205 9071656 3517
2206 9075173 1555
2207 9076728 1295
2208 9078023 6151
2209 9084174 3889
2210 9088063 1183
2211 9089246 2848
2212 9092094 2601
2213 9094695 1738
2214 9096433 4063
2215 9100496 12472
2216 9112968 1431
2217 9114399 3976
2218 9118375 3506
2219 9121881 1315
2220 9123196 1050
2221 9124246 3884
2222 9128130 6665
2223 9134795 1574
2224 9136369 1476
2225 9137845 1426
2226 9139271 2348
2227 9141619 2140
2228 9143759 1697
2229 9145456 1720
2230 9147176 1117
2231 9148293 1592
2232 9149885 754
2233 9150639 6739
2234 9157378 8051
2235 9165429 1427
2236 9166856 1045
2237 9167901 4557
2238 9172458 2360
2239 9174818 1127
2240 9175945 6293
2241 9182238 1759
2242 9183997 7470
2243 9191467 2153
2244 9193620 6214
2245 9199834 3886
2246 9203720 1347
2247 9205067 8131
2248 9213198 6657
2249 9219855 9218
2250 9229073 3551
2251 9232624 2191
2252 9234815 3333
2253 9238148 4610
2254 9242758 1667
2255 9244425 3998
2256 9248423 4000
2257 9252423 4222
2258 9256645 16819
2259 9273464 1998
2260 9275462 14175
2261 9289637 8870
2262 9298507 8044
2263 9306551 4755
2264 9311306 11135
2265 9322441 3350
2266 9325791 4909
2267 9330700 4485
2268 9335185 24347
2269 9359532 2003
2270 9361535 4915
2271 9366450 4863
2272 9371313 4971
2273 9376284 4191
2274 9380475 3989
2275 9384464 3348
2276 9387812 23973
2277 9411785 1947
2278 9413732 4641
2279 9418373 5204
2280 9423577 15535
2281 9439112 1849
2282 9440961 5043
2283 9446004 5577
2284 9451581 3189
2285 9454770 6311
2286 9461081 7247
2287 9468328 33365
2288 9501693 1924
2289 9503617 4369
2290 9507986 5672
2291 9513658 4109
2292 9517767 2192
2293 9519959 20976
2294 9540935 5117
2295 9546052 4642
2296 9550694 4280
2297 9554974 2171
2298 9557145 4429
2299 9561574 4212
2300 9565786 5505
2301 9571291 4266
2302 9575557 22027
2303 9597584 4632
2304 9602216 3797
2305 9606013 4958
2306 9610971 2093
2307 9613064 4498
2308 9617562 5278
2309 9622840 5402
2310 9628242 3088
2311 9631330 5064
2312 9636394 5527
2313 9641921 6095
2314 9648016 3406
2315 9651422 5061
2316 9656483 4601
2317 9661084 4715
2318 9665799 3630
2319 9669429 6725
2320 9676154 4730
2321 9680884 4358
2322 9685242 2261
2323 9687503 24560
2324 9712063 4716
2325 9716779 4946
2326 9721725 9297
2327 9731022 10207
2328 9741229 4116
2329 9745345 4283
2330 9749628 3795
2331 9753423 5795
2332 9759218 23853
2333 9783071 2282
2334 9785353 5090
2335 9790443 5051
2336 9795494 5350
2337 9800844 3875
2338 9804719 3237
2339 9807956 3708
2340 9811664 4545
2341 9816209 4795
2342 9821004 18622
2343 9839626 2302
2344 9841928 4654
2345 9846582 7915
2346 9854497 7676
2347 9862173 2805
2348 9864978 4957
2349 9869935 7372
2350 9877307 5001
2351 9882308 23373
2352 9905681 2267
2353 9907948 3666
2354 9911614 6497
2355 9918111 4662
2356 9922773 4832
2357 9927605 3377
2358 9930982 15285
2359 9946267 4678
2360 9950945 3903
2361 9954848 4031
2362 9958879 2108
2363 9960987 4555
2364 9965542 8921
2365 9974463 4034
2366 9978497 4451
2367 9982948 4456
2368 9987404 2965
2369 9990369 8862
2370 9999231 8052
2371 10007283 2336
2372 10009619 3623
2373 10013242 5080
2374 10018322 5079
2375 10023401 4829
2376 10028230 18622
2377 10046852 4722
2378 10051574 6282
2379 10057856 2688
2380 10060544 3375
2381 10063919 5101
2382 10069020 2756
2383 10071776 10823
2384 10082599 4407
2385 10087006 21952
2386 10108958 2477
2387 10111435 4445
2388 10115880 4280
2389 10120160 5126
2390 10125286 2535
2391 10127821 4290
2392 10132111 3644
2393 10135755 4265
2394 10140020 6094
2395 10146114 26398
2396 10172512 2483
2397 10174995 5242
2398 10180237 5065
2399 10185302 15736
2400 10201038 2126
2401 10203164 2479
2402 10205643 4030
2403 10209673 3112
2404 10212785 4082
2405 10216867 3517
2406 10220384 10788
2407 10231172 10339
2408 10241511 5361
2409 10246872 12950
2410 10259822 6465
2411 10266287 4828
2412 10271115 31506
2413 10302621 2221
2414 10304842 13005
2415 10317847 10824
2416 10328671 7081
2417 10335752 3586
2418 10339338 12350
2419 10351688 4375
2420 10356063 2863
2421 10358926 8288
2422 10367214 2621
2423 10369835 3233
2424 10373068 2201
2425 10375269 4283
2426 10379552 16168
2427 10395720 2292
2428 10398012 4244
2429 10402256 7168
2430 10409424 4301
2431 10413725 1928
2432 10415653 5524
2433 10421177 21384
2434 10442561 2285
2435 10444846 1910
2436 10446756 2373
2437 10449129 2714
2438 10451843 18330
2439 10470173 4239
2440 10474412 6549
2441 10480961 9684
2442 10490645 4637
2443 10495282 4418
2444 10499700 3781
2445 10503481 1900
2446 10505381 6651
2447 10512032 2633
2448 10514665 4954
2449 10519619 3242
2450 10522861 7033
2451 10529894 3473
2452 10533367 4827
2453 10538194 6936
2454 10545130 4499
2455 10549629 5576
2456 10555205 4301
2457 10559506 2186
2458 10561692 22181
2459 10583873 4623
2460 10588496 3764
2461 10592260 13417
2462 10605677 2016
2463 10607693 2047
2464 10609740 2113
2465 10611853 2904
2466 10614757 1706
2467 10616463 19235
2468 10635698 4475
2469 10640173 3772
2470 10643945 4665
2471 10648610 2628
2472 10651238 2463
2473 10653701 2238
2474 10655939 2913
2475 10658852 2365
2476 10661217 2932
2477 10664149 22538
2478 10686687 4497
2479 10691184 7236
2480 10698420 2263
2481 10700683 4042
2482 10704725 1973
2483 10706698 1983
2484 10708681 3735
2485 10712416 6097
2486 10718513 5727
2487 10724240 4340
2488 10728580 4589
2489 10733169 5253
2490 10738422 3746
2491 10742168 4688
2492 10746856 4472
2493 10751328 24307
2494 10775635 2240
2495 10777875 4085
2496 10781960 4111
2497 10786071 4606
2498 10790677 2594
2499 10793271 2253
2500 10795524 2429
2501 10797953 2414
2502 10800367 2791
2503 10803158 16448
2504 10819606 4453
2505 10824059 4449
2506 10828508 2070
2507 10830578 8277
2508 10838855 2399
2509 10841254 2840
2510 10844094 2796
2511 10846890 2808
2512 10849698 20259
2513 10869957 5366
2514 10875323 4145
2515 10879468 10014
2516 10889482 10751
2517 10900233 2303
2518 10902536 4522
2519 10907058 2840
2520 10909898 5147
2521 10915045 3937
2522 10918982 6462
2523 10925444 6670
2524 10932114 3394
2525 10935508 4159
2526 10939667 3130
2527 10942797 4724
2528 10947521 1903
2529 10949424 5072
2530 10954496 23505
2531 10978001 2195
2532 10980196 3986
2533 10984182 4233
2534 10988415 203
2535 10988618 2379
2536 10990997 15494
2537 11006491 2269
2538 11008760 3122
2539 11011882 4113
2540 11015995 2632
2541 11018627 2463
2542 11021090 21142
2543 11042232 4167
2544 11046399 16296
2545 11062695 4007
2546 11066702 2254
2547 11068956 4245
2548 11073201 16967
2549 11090168 4548
2550 11094716 2080
2551 11096796 12807
2552 11109603 9608
2553 11119211 5218
2554 11124429 5504
2555 11129933 2913
2556 11132846 4206
2557 11137052 8869
2558 11145921 5563
2559 11151484 5036
2560 11156520 7023
2561 11163543 6696
2562 11170239 6581
2563 11176820 5123
2564 11181943 29057
2565 11211000 3265
2566 11214265 3931
2567 11218196 5485
2568 11223681 2635
2569 11226316 7562
2570 11233878 1918
2571 11235796 2289
2572 11238085 2994
2573 11241079 4353
2574 11245432 2982
2575 11248414 2656
2576 11251070 3774
2577 11254844 2907
2578 11257751 20960
2579 11278711 5627
2580 11284338 7337
2581 11291675 4154
2582 11295829 4596
2583 11300425 1897
2584 11302322 6134
2585 11308456 2855
2586 11311311 2454
2587 11313765 2211
2588 11315976 3045
2589 11319021 13518
2590 11332539 4226
2591 11336765 4613
2592 11341378 1810
2593 11343188 4449
2594 11347637 5507
2595 11353144 2261
2596 11355405 2387
2597 11357792 4585
2598 11362377 3523
2599 11365900 8946
2600 11374846 7427
2601 11382273 4031
2602 11386304 5222
2603 11391526 2984
2604 11394510 15712
2605 11410222 4990
2606 11415212 5944
2607 11421156 4354
2608 11425510 2243
2609 11427753 2666
2610 11430419 2026
2611 11432445 2815
2612 11435260 2436
2613 11437696 12662
2614 11450358 4730
2615 11455088 4785
2616 11459873 7243
2617 11467116 2008
2618 11469124 6112
2619 11475236 12243
2620 11487479 5845
2621 11493324 5250
2622 11498574 2224
2623 11500798 7317
2624 11508115 2242
2625 11510357 3104
2626 11513461 2474
2627 11515935 2685
2628 11518620 17194
2629 11535814 4071
2630 11539885 5183
2631 11545068 2318
2632 11547386 2294
2633 11549680 6329
2634 11556009 7106
2635 11563115 4507
2636 11567622 3552
2637 11571174 1871
2638 11573045 3996
2639 11577041 4448
2640 11581489 2673
2641 11584162 4302
2642 11588464 5089
2643 11593553 2152
2644 11595705 22080
2645 11617785 3942
2646 11621727 3665
2647 11625392 4063
2648 11629455 2768
2649 11632223 2418
2650 11634641 16748
2651 11651389 4972
2652 11656361 3241
2653 11659602 2163
2654 11661765 1592
2655 11663357 2493
2656 11665850 3471
2657 11669321 14263
2658 11683584 3815
2659 11687399 12780
2660 11700179 4553
2661 11704732 3354
2662 11708086 2103
2663 11710189 5261
2664 11715450 1944
2665 11717394 2425
2666 11719819 3020
2667 11722839 14716
2668 11737555 3709
2669 11741264 4565
2670 11745829 3479
2671 11749308 2448
2672 11751756 2781
2673 11754537 4559
2674 11759096 8112
2675 11767208 6577
2676 11773785 9247
2677 11783032 3506
2678 11786538 3662
2679 11790200 3880
2680 11794080 2236
2681 11796316 7577
2682 11803893 21216
2683 11825109 9698
2684 11834807 6959
2685 11841766 5090
2686 11846856 5129
2687 11851985 5917
2688 11857902 5862
2689 11863764 5956
2690 11869720 3552
2691 11873272 4306
2692 11877578 4716
2693 11882294 4609
2694 11886903 4998
2695 11891901 4725
2696 11896626 2408
2697 11899034 2261
2698 11901295 4634
2699 11905929 21430
2700 11927359 1435
2701 11928794 1913
2702 11930707 1554
2703 11932261 2550
2704 11934811 1998
2705 11936809 3676
2706 11940485 935
2707 11941420 1202
2708 11942622 1874
2709 11944496 1422
2710 11945918 3792
2711 11949710 5682
2712 11955392 2224
2713 11957616 2831
2714 11960447 1493
2715 11961940 5737
2716 11967677 2648
2717 11970325 1278
2718 11971603 1259
2719 11972862 1312
2720 11974174 7561
2721 11981735 1697
2722 11983432 2769
2723 11986201 1232
2724 11987433 1368
2725 11988801 5093
2726 11993894 3026
2727 11996920 1291
2728 11998211 2715
2729 12000926 1410
2730 12002336 915
2731 12003251 2747
2732 12005998 1489
2733 12007487 797
2734 12008284 2834
2735 12011118 1075
2736 12012193 8687
2737 12020880 2589
2738 12023469 1601
2739 12025070 2161
2740 12027231 1950
2741 12029181 6203
2742 12035384 2066
2743 12037450 1544
2744 12038994 3060
2745 12042054 4029
2746 12046083 2629
2747 12048712 2827
2748 12051539 1032
2749 12052571 1414
2750 12053985 5369
2751 12059354 1641
2752 12060995 3492
2753 12064487 2040
2754 12066527 5613
2755 12072140 6595
2756 12078735 1116
2757 12079851 1401
2758 12081252 348
2759 12081600 2124
2760 12083724 1695
2761 12085419 2818
2762 12088237 1188
2763 12089425 1932
2764 12091357 858
2765 12092215 1809
2766 12094024 2926
2767 12096950 6720
2768 12103670 2649
2769 12106319 1556
2770 12107875 1735
2771 12109610 1664
2772 12111274 943
2773 12112217 8636
2774 12120853 5377
2775 12126230 5437
2776 12131667 5272
2777 12136939 6367
2778 12143306 2024
2779 12145330 18943
2780 12164273 7521
2781 12171794 1808
2782 12173602 1225
2783 12174827 2892
2784 12177719 1842
2785 12179561 2680
2786 12182241 4109
2787 12186350 1389
2788 12187739 583
2789 12188322 6346
2790 12194668 2349
2791 12197017 1788
2792 12198805 3289
2793 12202094 1846
2794 12203940 13078
2795 12217018 521
2796 12217539 1497
2797 12219036 2941
2798 12221977 2301
2799 12224278 2766
2800 12227044 17721
2801 12244765 4265
2802 12249030 5441
2803 12254471 3000
2804 12257471 2738
2805 12260209 3729
2806 12263938 2091
2807 12266029 3953
2808 12269982 12686
2809 12282668 2465
2810 12285133 1878
2811 12287011 3551
2812 12290562 3792
2813 12294354 3789
2814 12298143 1867
2815 12300010 5313
2816 12305323 6671
2817 12311994 2485
2818 12314479 4512
2819 12318991 6791
2820 12325782 1484
2821 12327266 2395
2822 12329661 2611
2823 12332272 746
2824 12333018 5250
2825 12338268 265
2826 12338533 842
2827 12339375 3415
2828 12342790 5717
2829 12348507 1216
2830 12349723 1348
2831 12351071 3550
2832 12354621 2342
2833 12356963 2166
2834 12359129 3919
2835 12363048 2893
2836 12365941 1134
2837 12367075 1762
2838 12368837 1980
2839 12370817 3063
2840 12373880 7011
2841 12380891 8412
2842 12389303 3922
2843 12393225 3861
2844 12397086 4618
2845 12401704 3849
2846 12405553 1127
2847 12406680 4174
2848 12410854 2642
2849 12413496 1680
2850 12415176 3998
2851 12419174 3812
2852 12422986 2845
2853 12425831 1266
2854 12427097 3125
2855 12430222 7522
2856 12437744 18478
2857 12456222 2173
2858 12458395 3723
2859 12462118 1617
2860 12463735 4151
2861 12467886 8661
2862 12476547 3067
2863 12479614 195
2864 12479809 8463
2865 12488272 5624
2866 12493896 2115
2867 12496011 4915
2868 12500926 1190
2869 12502116 3821
2870 12505937 1619
2871 12507556 3398
2872 12510954 2770
2873 12513724 6093
2874 12519817 1739
2875 12521556 6559
2876 12528115 3612
2877 12531727 10178
2878 12541905 6853
2879 12548758 4497
2880 12553255 3495
2881 12556750 6245
2882 12562995 9443
2883 12572438 1573
2884 12574011 2723
2885 12576734 4465
2886 12581199 8549
2887 12589748 1533
2888 12591281 4790
2889 12596071 1564
2890 12597635 3041
2891 12600676 990
2892 12601666 582
2893 12602248 1378
2894 12603626 1634
2895 12605260 1533
2896 12606793 8817
2897 12615610 7704
2898 12623314 4082
2899 12627396 2875
2900 12630271 588
2901 12630859 7430
2902 12638289 3850
2903 12642139 11790
2904 12653929 4637
2905 12658566 2495
2906 12661061 3830
2907 12664891 15075
2908 12679966 6020
2909 12685986 2568
2910 12688554 197
2911 12688751 2263
2912 12691014 3776
2913 12694790 2757
2914 12697547 13188
2915 12710735 7634
2916 12718369 1875
2917 12720244 2723
2918 12722967 1892
2919 12724859 1792
2920 12726651 3325
2921 12729976 2171
2922 12732147 2952
2923 12735099 1945
2924 12737044 1795
2925 12738839 2133
2926 12740972 2774
2927 12743746 2795
2928 12746541 1902
2929 12748443 2513
2930 12750956 3244
2931 12754200 2135
2932 12756335 1864
2933 12758199 1727
2934 12759926 2045
2935 12761971 4343
2936 12766314 3835
2937 12770149 3655
2938 12773804 2898
2939 12776702 2401
2940 12779103 2516
2941 12781619 2281
2942 12783900 2310
2943 12786210 212
2944 12786422 5700
2945 12792122 9505
2946 12801627 2587
2947 12804214 857
2948 12805071 4367
2949 12809438 6989
2950 12816427 197
2951 12816624 3084
2952 12819708 2585
2953 12822293 2328
2954 12824621 2541
2955 12827162 3474
2956 12830636 4259
2957 12834895 2512
2958 12837407 4857
2959 12842264 2702
2960 12844966 8067
2961 12853033 2678
2962 12855711 6071
2963 12861782 2395
2964 12864177 1209
2965 12865386 17278
2966 12882664 9530
2967 12892194 2898
2968 12895092 3177
2969 12898269 5754
2970 12904023 3390
2971 12907413 1916
2972 12909329 2981
2973 12912310 4361
2974 12916671 4129
2975 12920800 3687
2976 12924487 2943
2977 12927430 23731
2978 12951161 10823
2979 12961984 15759
2980 12977743 29815
2981 13007558 3674
2982 13011232 8017
2983 13019249 11477
2984 13030726 2031
2985 13032757 3515
2986 13036272 5139
2987 13041411 5310
2988 13046721 5119
2989 13051840 6279
2990 13058119 1001
2991 13059120 6943
2992 13066063 2883
2993 13068946 9261
2994 13078207 4135
2995 13082342 6292
2996 13088634 2841
2997 13091475 1542
2998 13093017 2896
2999 13095913 3377
3000 13099290 1757
3001 13101047 5498
3002 13106545 8974
3003 13115519 181
3004 13115700 2278
3005 13117978 8363
3006 13126341 6760
3007 13133101 6415
3008 13139516 3669
3009 13143185 3362
3010 13146547 2868
3011 13149415 3397
3012 13152812 462
3013 13153274 2152
3014 13155426 3896
3015 13159322 3591
3016 13162913 2896
3017 13165809 3551
3018 13169360 2679
3019 13172039 6521
3020 13178560 9349
3021 13187909 8355
3022 13196264 10442
3023 13206706 9634
3024 13216340 10196
3025 13226536 7895
3026 13234431 5419
3027 13239850 6185
3028 13246035 7435
3029 13253470 3429
3030 13256899 3881
3031 13260780 2344
3032 13263124 1532
3033 13264656 1638
3034 13266294 3126
3035 13269420 3493
3036 13272913 7542
3037 13280455 6312
3038 13286767 5884
3039 13292651 3466
3040 13296117 4529
3041 13300646 3431
3042 13304077 11364
3043 13315441 5037
3044 13320478 6533
3045 13327011 4767
3046 13331778 948
3047 13332726 4115
3048 13336841 3630
3049 13340471 3414
3050 13343885 4284
3051 13348169 4884
3052 13353053 4538
3053 13357591 7961
3054 13365552 2230
3055 13367782 5495
3056 13373277 4317
3057 13377594 6340
3058 13383934 4743
3059 13388677 2133
3060 13390810 2124
3061 13392934 1456
3062 13394390 3297
3063 13397687 4566
3064 13402253 4118
3065 13406371 6085
3066 13412456 8357
3067 13420813 1842
3068 13422655 5594
3069 13428249 7221
3070 13435470 1231
3071 13436701 3338
3072 13440039 4009
3073 13444048 1574
3074 13445622 7183
3075 13452805 2740
3076 13455545 9878
3077 13465423 4220
3078 13469643 5757
3079 13475400 784
3080 13476184 3665
3081 13479849 1963
3082 13481812 9585
3083 13491397 2016
3084 13493413 1850
3085 13495263 2642
3086 13497905 3182
3087 13501087 9217
3088 13510304 3411
3089 13513715 8331
3090 13522046 1710
3091 13523756 974
3092 13524730 1049
3093 13525779 1330
3094 13527109 5319
3095 13532428 4978
3096 13537406 2151
3097 13539557 1738
3098 13541295 3952
3099 13545247 2304
3100 13547551 2233
3101 13549784 1436
3102 13551220 4267
3103 13555487 1268
3104 13556755 1232
3105 13557987 1411
3106 13559398 1688
3107 13561086 5153
3108 13566239 2520
3109 13568759 1374
3110 13570133 3057
3111 13573190 10788
3112 13583978 6984
3113 13590962 1858
3114 13592820 6910
3115 13599730 3053
3116 13602783 1876
3117 13604659 12535
3118 13617194 4563
3119 13621757 1359
3120 13623116 2440
3121 13625556 2273
3122 13627829 2111
3123 13629940 1352
3124 13631292 1145
3125 13632437 677
3126 13633114 4720
3127 13637834 1296
3128 13639130 905
3129 13640035 7358
3130 13647393 3096
3131 13650489 1894
3132 13652383 2874
3133 13655257 974
3134 13656231 1315
3135 13657546 1356
3136 13658902 529
3137 13659431 3845
3138 13663276 4599
3139 13667875 4925
3140 13672800 3192
3141 13675992 2186
3142 13678178 859
3143 13679037 790
3144 13679827 1227
3145 13681054 1555
3146 13682609 764
3147 13683373 1655
3148 13685028 12766
3149 13697794 553
3150 13698347 1809
3151 13700156 2467
3152 13702623 2316
3153 13704939 2682
3154 13707621 1649
3155 13709270 622
3156 13709892 2128
3157 13712020 2156
3158 13714176 2193
3159 13716369 2299
3160 13718668 2128
3161 13720796 484
3162 13721280 2424
3163 13723704 1235
3164 13724939 3086
3165 13728025 1557
3166 13729582 603
3167 13730185 1044
3168 13731229 1962
3169 13733191 3101
3170 13736292 2431
3171 13738723 7717
3172 13746440 2645
3173 13749085 2010
3174 13751095 6161
3175 13757256 4219
3176 13761475 4298
3177 13765773 3380
3178 13769153 6744
3179 13775897 3552
3180 13779449 3250
3181 13782699 4599
3182 13787298 5144
3183 13792442 4403
3184 13796845 3323
3185 13800168 4041
3186 13804209 1123
3187 13805332 7778
3188 13813110 4515
3189 13817625 4313
3190 13821938 4320
3191 13826258 4032
3192 13830290 5440
3193 13835730 7570
3194 13843300 2287
3195 13845587 2095
3196 13847682 2898
3197 13850580 2895
3198 13853475 4592
3199 13858067 5308
3200 13863375 3096
3201 13866471 4034
3202 13870505 5324
3203 13875829 4625
3204 13880454 5001
3205 13885455 2452
3206 13887907 2678
3207 13890585 2921
3208 13893506 8043
3209 13901549 1212
3210 13902761 760
3211 13903521 195
3212 13903716 4079
3213 13907795 3235
3214 13911030 1517
3215 13912547 9744
3216 13922291 2952
3217 13925243 8543
3218 13933786 3865
3219 13937651 5122
3220 13942773 4804
3221 13947577 8420
3222 13955997 4691
3223 13960688 3859
3224 13964547 516
3225 13965063 4582
3226 13969645 4230
3227 13973875 3710
3228 13977585 5696
3229 13983281 7094
3230 13990375 6284
3231 13996659 2493
3232 13999152 3277
3233 14002429 945
3234 14003374 22518
3235 14025892 18205
3236 14044097 2540
3237 14046637 8276
3238 14054913 1614
3239 14056527 2363
3240 14058890 6930
3241 14065820 3257
3242 14069077 10783
3243 14079860 2840
3244 14082700 3414
3245 14086114 3163
3246 14089277 4740
3247 14094017 7112
3248 14101129 6769
3249 14107898 6048
3250 14113946 1034
3251 14114980 2733
3252 14117713 3384
3253 14121097 1037
3254 14122134 2398
3255 14124532 1528
3256 14126060 6085
3257 14132145 13281
3258 14145426 2070
3259 14147496 12647
3260 14160143 6277
3261 14166420 2840
3262 14169260 4946
3263 14174206 1927
3264 14176133 8874
3265 14185007 6438
3266 14191445 2428
3267 14193873 6077
3268 14199950 2131
3269 14202081 999
3270 14203080 5295
3271 14208375 1961
3272 14210336 1494
3273 14211830 1846
3274 14213676 1165
3275 14214841 1172
3276 14216013 6576
3277 14222589 3703
3278 14226292 993
3279 14227285 2420
3280 14229705 2170
3281 14231875 3201
3282 14235076 2533
3283 14237609 29567
3284 14267176 1090
3285 14268266 1706
3286 14269972 5072
3287 14275044 1229
3288 14276273 1613
3289 14277886 1694
3290 14279580 2372
3291 14281952 1641
3292 14283593 1553
3293 14285146 2566
3294 14287712 3165
3295 14290877 4529
3296 14295406 1748
3297 14297154 933
3298 14298087 1465
3299 14299552 2010
3300 14301562 1492
3301 14303054 1752
3302 14304806 1259
3303 14306065 1854
3304 14307919 1583
3305 14309502 823
3306 14310325 2711
3307 14313036 1822
3308 14314858 5974
3309 14320832 2660
3310 14323492 1359
3311 14324851 1170
3312 14326021 2681
3313 14328702 1420
3314 14330122 2307
3315 14332429 1432
3316 14333861 1303
3317 14335164 2148
3318 14337312 1493
3319 14338805 1707
3320 14340512 5061
3321 14345573 2544
3322 14348117 5442
3323 14353559 1640
3324 14355199 1266
3325 14356465 2920
3326 14359385 1567
3327 14360952 2722
3328 14363674 860
3329 14364534 1595
3330 14366129 3986
3331 14370115 3226
3332 14373341 2931
3333 14376272 3315
3334 14379587 2703
3335 14382290 1402
3336 14383692 1368
3337 14385060 884
3338 14385944 2131
3339 14388075 1090
3340 14389165 3309
3341 14392474 3180
3342 14395654 3706
3343 14399360 1726
3344 14401086 4788
3345 14405874 1777
3346 14407651 968
3347 14408619 1269
3348 14409888 984
3349 14410872 1138
3350 14412010 4922
3351 14416932 2223
3352 14419155 1805
3353 14420960 1110
3354 14422070 1271
3355 14423341 1234
3356 14424575 4081
3357 14428656 1464
3358 14430120 2677
3359 14432797 2132
3360 14434929 1096
3361 14436025 1830
3362 14437855 4976
3363 14442831 2280
3364 14445111 4953
3365 14450064 6532
3366 14456596 8530
3367 14465126 3978
3368 14469104 7450
3369 14476554 37733
3370 14514287 17678
3371 14531965 5277
3372 14537242 2765
3373 14540007 10434
3374 14550441 3741
3375 14554182 4638
3376 14558820 5348
3377 14564168 4818
3378 14568986 5187
3379 14574173 6691
3380 14580864 6426
3381 14587290 4628
3382 14591918 4100
3383 14596018 8863
3384 14604881 8291
3385 14613172 5361
3386 14618533 4238
3387 14622771 7298
3388 14630069 7806
3389 14637875 5606
3390 14643481 4415
3391 14647896 4900
3392 14652796 6325
3393 14659121 3460
3394 14662581 11786
3395 14674367 4145
3396 14678512 8088
3397 14686600 7683
3398 14694283 7841
3399 14702124 7196
3400 14709320 1627
3401 14710947 5194
3402 14716141 16160
3403 14732301 4554
3404 14736855 9224
3405 14746079 5250
3406 14751329 5533
3407 14756862 18229
3408 14775091 5314
3409 14780405 3331
3410 14783736 11384
3411 14795120 7819
3412 14802939 2126
3413 14805065 2817
3414 14807882 3648
3415 14811530 19542
3416 14831072 4255
3417 14835327 3479
3418 14838806 12411
3419 14851217 6678
3420 14857895 25272
3421 14883167 11096
3422 14894263 7037
3423 14901300 5890
3424 14907190 6294
3425 14913484 23529
3426 14937013 1442
3427 14938455 3204
3428 14941659 1191
3429 14942850 1743
3430 14944593 4484
3431 14949077 1074
3432 14950151 4058
3433 14954209 1782
3434 14955991 2075
3435 14958066 216
3436 14958282 4795
3437 14963077 2542
3438 14965619 2550
3439 14968169 358
3440 14968527 1483
3441 14970010 1473
3442 14971483 2120
3443 14973603 1458
3444 14975061 1054
3445 14976115 2599
3446 14978714 1008
3447 14979722 331
3448 14980053 4557
3449 14984610 1277
3450 14985887 866
3451 14986753 3770
3452 14990523 1305
3453 14991828 3021
3454 14994849 2532
3455 14997381 537
3456 14997918 1254
3457 14999172 1211
3458 15000383 2455
3459 15002838 1162
3460 15004000 1308
3461 15005308 7250
3462 15012558 6864
3463 15019422 2010
3464 15021432 1307
3465 15022739 503
3466 15023242 1311
3467 15024553 2238
3468 15026791 4458
3469 15031249 1535
3470 15032784 11494
3471 15044278 2046
3472 15046324 805
3473 15047129 921
3474 15048050 1062
3475 15049112 1817
3476 15050929 713
3477 15051642 11516
3478 15063158 1746
3479 15064904 2864
3480 15067768 3589
3481 15071357 948
3482 15072305 2149
3483 15074454 1201
3484 15075655 4651
3485 15080306 207
3486 15080513 7014
3487 15087527 1036
3488 15088563 1745
3489 15090308 2556
3490 15092864 1481
3491 15094345 1245
3492 15095590 1609
3493 15097199 2940
3494 15100139 1276
3495 15101415 6313
3496 15107728 2648
3497 15110376 445
3498 15110821 4226
3499 15115047 519
3500 15115566 1443
3501 15117009 2066
3502 15119075 2711
3503 15121786 3083
3504 15124869 1340
3505 15126209 1490
3506 15127699 1100
3507 15128799 1415
3508 15130214 2313
3509 15132527 579
3510 15133106 1298
3511 15134404 5472
3512 15139876 1244
3513 15141120 1957
3514 15143077 2661
3515 15145738 2406
3516 15148144 1205
3517 15149349 1130
3518 15150479 6775
3519 15157254 3121
3520 15160375 2598
3521 15162973 5109
3522 15168082 1901
3523 15169983 2513
3524 15172496 4634
3525 15177130 4603
3526 15181733 4387
3527 15186120 3081
3528 15189201 7645
3529 15196846 5767
3530 15202613 3507
3531 15206120 3326
3532 15209446 2330
3533 15211776 3386
3534 15215162 2147
3535 15217309 2012
3536 15219321 9108
3537 15228429 5379
3538 15233808 7253
3539 15241061 5243
3540 15246304 4650
3541 15250954 7974
3542 15258928 11576
3543 15270504 6123
3544 15276627 1413
3545 15278040 1832
3546 15279872 970
3547 15280842 5222
3548 15286064 2917
3549 15288981 663
3550 15289644 4126
3551 15293770 808
3552 15294578 3105
3553 15297683 726
3554 15298409 907
3555 15299316 4170
3556 15303486 3624
3557 15307110 1262
3558 15308372 1776
3559 15310148 1135
3560 15311283 1623
3561 15312906 864
3562 15313770 2434
3563 15316204 4371
3564 15320575 4673
3565 15325248 1003
3566 15326251 2236
3567 15328487 959
3568 15329446 1966
3569 15331412 882
3570 15332294 1197
3571 15333491 1487
3572 15334978 560
3573 15335538 3965
3574 15339503 1419
3575 15340922 4753
3576 15345675 2445
3577 15348120 2071
3578 15350191 2492
3579 15352683 2237
3580 15354920 3479
3581 15358399 1671
3582 15360070 1129
3583 15361199 2555
3584 15363754 1990
3585 15365744 1889
3586 15367633 4279
3587 15371912 14152
3588 15386064 2109
3589 15388173 6353
3590 15394526 13423
3591 15407949 8919
3592 15416868 3645
3593 15420513 4552
3594 15425065 3579
3595 15428644 5499
3596 15434143 1662
3597 15435805 3925
3598 15439730 1854
3599 15441584 9548
3600 15451132 6431
3601 15457563 2446
3602 15460009 4368
3603 15464377 7506
3604 15471883 2049
3605 15473932 3671
3606 15477603 4180
3607 15481783 1073
3608 15482856 2177
3609 15485033 3742
3610 15488775 2314
3611 15491089 1938
3612 15493027 2407
3613 15495434 3329
3614 15498763 2358
3615 15501121 2410
3616 15503531 19519
3617 15523050 8239
3618 15531289 4338
3619 15535627 4431
3620 15540058 4061
3621 15544119 1502
3622 15545621 4430
3623 15550051 1344
3624 15551395 1162
3625 15552557 1454
3626 15554011 7269
3627 15561280 2148
3628 15563428 17616
3629 15581044 8647
3630 15589691 5584
3631 15595275 3987
3632 15599262 3556
3633 15602818 2014
3634 15604832 15831
3635 15620663 4374
3636 15625037 1130
3637 15626167 1908
3638 15628075 1337
3639 15629412 7957
3640 15637369 5092
3641 15642461 6771
3642 15649232 1784
3643 15651016 7984
3644 15659000 7409
3645 15666409 8323
3646 15674732 4873
3647 15679605 6525
3648 15686130 14939
3649 15701069 7324
3650 15708393 5002
3651 15713395 1345
3652 15714740 1540
3653 15716280 2122
3654 15718402 1322
3655 15719724 723
3656 15720447 6210
3657 15726657 2101
3658 15728758 7979
3659 15736737 4110
3660 15740847 1837
3661 15742684 5170
3662 15747854 5403
3663 15753257 8977
3664 15762234 4642
3665 15766876 9313
3666 15776189 3729
3667 15779918 1049
3668 15780967 1394
3669 15782361 8890
3670 15791251 276
3671 15791527 1691
3672 15793218 673
3673 15793891 1449
3674 15795340 12224
3675 15807564 7924
3676 15815488 4041
3677 15819529 4940
3678 15824469 4416
3679 15828885 8636
3680 15837521 2187
3681 15839708 5315
3682 15845023 2883
3683 15847906 3115
3684 15851021 1684
3685 15852705 7944
3686 15860649 3651
3687 15864300 13804
3688 15878104 3228
3689 15881332 3840
3690 15885172 4263
3691 15889435 11231
3692 15900666 911
3693 15901577 7933
3694 15909510 6211
3695 15915721 793
3696 15916514 5641
3697 15922155 15192
3698 15937347 813
3699 15938160 6026
3700 15944186 563
3701 15944749 5213
3702 15949962 7790
3703 15957752 1334
3704 15959086 4342
3705 15963428 608
3706 15964036 8857
3707 15972893 1245
3708 15974138 1390
3709 15975528 216
3710 15975744 2697
3711 15978441 935
3712 15979376 1059
3713 15980435 14980
3714 15995415 6230
3715 16001645 13688
3716 16015333 695
3717 16016028 2722
3718 16018750 2015
3719 16020765 2541
3720 16023306 2740
3721 16026046 1734
3722 16027780 19155
3723 16046935 8799
3724 16055734 3484
3725 16059218 3400
3726 16062618 3295
3727 16065913 3146
3728 16069059 411
3729 16069470 2495
3730 16071965 2892
3731 16074857 1775
3732 16076632 3980
3733 16080612 2794
3734 16083406 892
3735 16084298 652
3736 16084950 19282
3737 16104232 3813
3738 16108045 225
3739 16108270 27771
3740 16136041 4047
3741 16140088 7155
3742 16147243 9056
3743 16156299 29051
3744 16185350 19010
3745 16204360 914
3746 16205274 588
3747 16205862 2270
3748 16208132 1560
3749 16209692 4918
3750 16214610 3258
3751 16217868 3967
3752 16221835 2449
3753 16224284 4516
3754 16228800 1108
3755 16229908 1976
3756 16231884 542
3757 16232426 402
3758 16232828 9587
3759 16242415 2264
3760 16244679 838
3761 16245517 29239
3762 16274756 3503
3763 16278259 874
3764 16279133 2459
3765 16281592 3093
3766 16284685 217
3767 16284902 7022
3768 16291924 18850
3769 16310774 5591
3770 16316365 1266
3771 16317631 2130
3772 16319761 2301
3773 16322062 2550
3774 16324612 1233
3775 16325845 8703
3776 16334548 3449
3777 16337997 2234
3778 16340231 21861
3779 16362092 838
3780 16362930 370
3781 16363300 1123
3782 16364423 3704
3783 16368127 994
3784 16369121 3506
3785 16372627 3181
3786 16375808 1526
3787 16377334 1301
3788 16378635 1953
3789 16380588 2029
3790 16382617 1255
3791 16383872 1287
3792 16385159 3864
3793 16389023 525
3794 16389548 6423
3795 16395971 2375
3796 16398346 3451
3797 16401797 780
3798 16402577 1242
3799 16403819 2239
3800 16406058 648
3801 16406706 764
3802 16407470 4971
3803 16412441 5562
3804 16418003 2546
3805 16420549 8475
3806 16429024 7303
3807 16436327 2410
3808 16438737 1460
3809 16440197 1639
3810 16441836 2670
3811 16444506 2572
3812 16447078 2247
3813 16449325 3058
3814 16452383 2066
3815 16454449 2981
3816 16457430 6855
3817 16464285 6341
3818 16470626 6781
3819 16477407 6658
3820 16484065 3937
3821 16488002 7998
3822 16496000 7681
3823 16503681 3114
3824 16506795 1796
3825 16508591 2968
3826 16511559 1546
3827 16513105 3021
3828 16516126 3433
3829 16519559 1844
3830 16521403 1524
3831 16522927 4749
3832 16527676 1736
3833 16529412 1501
3834 16530913 2459
3835 16533372 3612
3836 16536984 2031
3837 16539015 1457
3838 16540472 2801
3839 16543273 7581
3840 16550854 3274
3841 16554128 3589
3842 16557717 8784
3843 16566501 3725
3844 16570226 2804
3845 16573030 2189
3846 16575219 3542
3847 16578761 3483
3848 16582244 2061
3849 16584305 1581
3850 16585886 1792
3851 16587678 6329
3852 16594007 3186
3853 16597193 2231
3854 16599424 1854
3855 16601278 3400
3856 16604678 5476
3857 16610154 1996
3858 16612150 4117
3859 16616267 2708
3860 16618975 3664
3861 16622639 1739
3862 16624378 1531
3863 16625909 1518
3864 16627427 1616
3865 16629043 3610
3866 16632653 2718
3867 16635371 3952
3868 16639323 2367
3869 16641690 2386
3870 16644076 2567
3871 16646643 2368
3872 16649011 2476
3873 16651487 21924
3874 16673411 3187
3875 16676598 3576
3876 16680174 6289
3877 16686463 3081
3878 16689544 3291
3879 16692835 3402
3880 16696237 5184
3881 16701421 1602
3882 16703023 2583
3883 16705606 3405
3884 16709011 2444
3885 16711455 1076
3886 16712531 2353
3887 16714884 5065
3888 16719949 4199
3889 16724148 3006
3890 16727154 3761
3891 16730915 2631
3892 16733546 5399
3893 16738945 2520
3894 16741465 3750
3895 16745215 1094
3896 16746309 5113
3897 16751422 1421
3898 16752843 1207
3899 16754050 2038
3900 16756088 7257
3901 16763345 3316
3902 16766661 2530
3903 16769191 2805
3904 16771996 2692
3905 16774688 1244
3906 16775932 1098
3907 16777030 855
3908 16777885 975
3909 16778860 990
3910 16779850 2352
3911 16782202 1734
3912 16783936 1143
3913 16785079 897
3914 16785976 1128
3915 16787104 1350
3916 16788454 993
3917 16789447 1942
3918 16791389 2612
3919 16794001 1266
3920 16795267 2733
3921 16798000 2809
3922 16800809 2953
3923 16803762 1023
3924 16804785 3505
3925 16808290 2473
3926 16810763 4238
3927 16815001 3286
3928 16818287 5763
3929 16824050 3273
3930 16827323 892
3931 16828215 2287
3932 16830502 4502
3933 16835004 783
3934 16835787 5694
3935 16841481 1224
3936 16842705 5923
3937 16848628 846
3938 16849474 1581
3939 16851055 844
3940 16851899 3215
3941 16855114 6271
3942 16861385 806
3943 16862191 3368
3944 16865559 3957
3945 16869516 1244
3946 16870760 1078
3947 16871838 1797
3948 16873635 1530
3949 16875165 2489
3950 16877654 2489
3951 16880143 1743
3952 16881886 1374
3953 16883260 2899
3954 16886159 2430
3955 16888589 1563
3956 16890152 1855
3957 16892007 1076
3958 16893083 948
3959 16894031 3351
3960 16897382 1953
3961 16899335 1924
3962 16901259 2217
3963 16903476 1949
3964 16905425 3008
3965 16908433 1740
3966 16910173 3096
3967 16913269 3685
3968 16916954 511
3969 16917465 1076
3970 16918541 781
3971 16919322 2512
3972 16921834 1029
3973 16922863 2197
3974 16925060 1823
3975 16926883 1413
3976 16928296 696
3977 16928992 1639
3978 16930631 2468
3979 16933099 1528
3980 16934627 2239
3981 16936866 2337
3982 16939203 2196
3983 16941399 1039
3984 16942438 2441
3985 16944879 1380
3986 16946259 4032
3987 16950291 2067
3988 16952358 1770
3989 16954128 4144
3990 16958272 524
3991 16958796 809
3992 16959605 2511
3993 16962116 4102
3994 16966218 3474
3995 16969692 891
3996 16970583 4028
3997 16974611 3461
3998 16978072 1192
3999 16979264 2353
4000 16981617 2579
4001 16984196 1030
4002 16985226 1085
4003 16986311 2094
4004 16988405 1931
4005 16990336 6175
4006 16996511 606
4007 16997117 3038
4008 17000155 1178
4009 17001333 2235
4010 17003568 3432
4011 17007000 4087
4012 17011087 4276
4013 17015363 6134
4014 17021497 3691
4015 17025188 700
4016 17025888 4268
4017 17030156 4071
4018 17034227 529
4019 17034756 965
4020 17035721 1555
4021 17037276 3652
4022 17040928 3573
4023 17044501 4787
4024 17049288 2691
4025 17051979 2074
4026 17054053 3125
4027 17057178 803
4028 17057981 3100
4029 17061081 2335
4030 17063416 2639
4031 17066055 2547
4032 17068602 3799
4033 17072401 2038
4034 17074439 1854
4035 17076293 4350
4036 17080643 1424
4037 17082067 4390
4038 17086457 3873
4039 17090330 5561
4040 17095891 6544
4041 17102435 4390
4042 17106825 6410
4043 17113235 2531
4044 17115766 3438
4045 17119204 2694
4046 17121898 735
4047 17122633 8834
4048 17131467 6753
4049 17138220 2204
4050 17140424 2516
4051 17142940 2392
4052 17145332 1305
4053 17146637 2941
4054 17149578 10086
4055 17159664 1278
4056 17160942 3907
4057 17164849 1087
4058 17165936 456
4059 17166392 10521
4060 17176913 1833
4061 17178746 3347
4062 17182093 3239
4063 17185332 3440
4064 17188772 9516
4065 17198288 2161
4066 17200449 1085
4067 17201534 753
4068 17202287 1016
4069 17203303 1830
4070 17205133 8455
4071 17213588 3437
4072 17217025 6302
4073 17223327 4693
4074 17228020 5475
4075 17233495 1705
4076 17235200 5273
4077 17240473 1659
4078 17242132 1671
4079 17243803 6643
4080 17250446 2755
4081 17253201 1495
4082 17254696 2063
4083 17256759 2570
4084 17259329 2574
4085 17261903 3649
